[gd_scene load_steps=15 format=3 uid="uid://dgak2ba4gd6od"]

[ext_resource type="PackedScene" uid="uid://cwx0ocumlauhb" path="res://GamePlay/Characters/Cat/cat.tscn" id="1_0fohe"]
[ext_resource type="Script" path="res://Team/Antonin/proto_1.gd" id="1_s66ij"]
[ext_resource type="PackedScene" uid="uid://d1olmv3w78rut" path="res://GamePlay/GPE/CatPath/cat_path.tscn" id="2_dw737"]
[ext_resource type="PackedScene" uid="uid://buyd11vae3fg2" path="res://Team/Antonin/plateform.tscn" id="2_psw54"]
[ext_resource type="PackedScene" uid="uid://ceu8bc30umlxu" path="res://Team/Antonin/no_jump_area.tscn" id="4_6hw7q"]
[ext_resource type="PackedScene" uid="uid://dl676mlk3ky34" path="res://Art/Environment/Props/Vending_Machine-01.gltf" id="5_xwuro"]
[ext_resource type="PackedScene" uid="uid://ct5qdkg5oey55" path="res://Art/Environment/Props/Vending_Machine-02.gltf" id="6_3qtkt"]
[ext_resource type="PackedScene" uid="uid://cjlyj435yo6js" path="res://Team/Antonin/Levels/level_1.tscn" id="7_iivdi"]

[sub_resource type="Curve3D" id="Curve3D_dx4rr"]
resource_local_to_scene = true
_data = {
"points": PackedVector3Array(0, 0, 0, 0, 0, 0, 0, 0, 0, -2.37396, 0.00731465, 1.0701, 2.37396, -0.00731465, -1.0701, 14.4341, 0, -0.226296, -0.103527, -8.77082e-05, 3.07752, 0.103527, 8.77082e-05, -3.07752, 23.6404, 7.14958e-05, -11.7483, 0.225224, 0, 2.18091, -0.225224, 0, -2.18091, 16.3028, 0, -24.0513, -1.04005, 0, 0.907276, 1.04005, 0, -0.907276, 21.4326, 0, -38.5736, -0.405502, 0, 0.100666, 0.405502, 0, -0.100666, 26.7123, 0, -39.9642),
"tilts": PackedFloat32Array(0, 0, 0, 0, 0, 0)
}
point_count = 6

[sub_resource type="LabelSettings" id="LabelSettings_mfoh8"]
font_size = 40

[sub_resource type="BoxShape3D" id="BoxShape3D_lodq0"]
size = Vector3(1.6615, 1.34802, 0.904907)

[sub_resource type="Curve3D" id="Curve3D_ggf7b"]
resource_local_to_scene = true
_data = {
"points": PackedVector3Array(-0.644448, -1.33514e-05, -0.121607, 0.644448, 1.33514e-05, 0.121607, -0.24101, 0, 0.03355, -1.01338, 4.31538e-05, 0.436516, 1.01338, -4.31538e-05, -0.436516, 7.99101, 0, -0.0883734, 0, 0, 0, 0, 0, 0, 14.294, 0, -5.32414),
"tilts": PackedFloat32Array(0, 0, 0)
}
point_count = 3

[sub_resource type="Curve3D" id="Curve3D_17vec"]
resource_local_to_scene = true
_data = {
"points": PackedVector3Array(-0.578388, 0, -0.0175133, 0.55904, 0, 0.022541, -0.238739, -3.86685e-05, -0.017662, -1.01338, 4.31538e-05, 0.436516, 1.01338, -4.31538e-05, -0.436516, 7.99101, 0, -0.0883734, 0, 0, 0, 0, 0, 0, 14.294, 0, -5.32414),
"tilts": PackedFloat32Array(0, 0, 0)
}
point_count = 3

[sub_resource type="Curve3D" id="Curve3D_o3ldb"]
resource_local_to_scene = true
_data = {
"points": PackedVector3Array(-0.775319, 0, -0.64176, 0.775319, 0, 0.64176, -0.383113, 6.27041e-05, 0.0268269, -1.01338, 4.31538e-05, 0.436516, 1.01338, -4.31538e-05, -0.436516, 7.99101, 0, -0.0883734, 0, 0, 0, 0, 0, 0, 14.294, 0, -5.32414),
"tilts": PackedFloat32Array(0, 0, 0)
}
point_count = 3

[node name="Proto1" type="Node3D"]
script = ExtResource("1_s66ij")

[node name="Gameplay" type="Node" parent="."]

[node name="CatPath" parent="Gameplay" instance=ExtResource("2_dw737")]
transform = Transform3D(1, 0, 0, 0, 1, 0, 0, 0, 1, 0, -0.253933, 0)
curve = SubResource("Curve3D_dx4rr")

[node name="Cat" parent="Gameplay" node_paths=PackedStringArray("cat_path") instance=ExtResource("1_0fohe")]
transform = Transform3D(1, 0, 0, 0, 1, 0, 0, 0, 1, -0.00017488, -0.288593, 0.022)
cat_path = NodePath("../CatPath")
lost_path_distance = 0.1

[node name="Camera3D" type="Camera3D" parent="Gameplay/Cat"]
transform = Transform3D(1, 0, 0, 0, 0.984808, 0.173648, 0, -0.173648, 0.984808, 0.905, 0.825, 3.41335)

[node name="Label" type="Label" parent="Gameplay"]
offset_left = 20.0
offset_top = 18.0
offset_right = 773.0
offset_bottom = 221.0
text = "[ENTER] to start
[SPACE] or [UP] to jump
[CTRL] or [DOWN] to slide
[R] to reset
[ESCAPE] to quit"
label_settings = SubResource("LabelSettings_mfoh8")

[node name="FinishArea1" type="Area3D" parent="Gameplay"]
transform = Transform3D(0.953016, 0, -0.302919, 0, 1, 0, 0.302919, 0, 0.953016, 38.8286, 0.655818, -47.0686)
collision_mask = 2

[node name="CollisionShape3D" type="CollisionShape3D" parent="Gameplay/FinishArea1"]
transform = Transform3D(0.937677, 0, -0.347509, 0, 1, 0, 0.347509, 0, 0.937677, -0.133877, -0.391174, -0.588772)
shape = SubResource("BoxShape3D_lodq0")

[node name="FinishArea2" type="Area3D" parent="Gameplay"]
transform = Transform3D(0.731366, 0, 0.681986, 0, 1, 0, -0.681986, 0, 0.731366, 20.2201, 3.40945, -51.0864)
collision_mask = 2

[node name="CollisionShape3D" type="CollisionShape3D" parent="Gameplay/FinishArea2"]
transform = Transform3D(0.937677, 0, -0.347509, 0, 1, 0, 0.347509, 0, 0.937677, -0.133877, -0.391174, -0.588772)
shape = SubResource("BoxShape3D_lodq0")

[node name="FinishArea3" type="Area3D" parent="Gameplay"]
transform = Transform3D(-0.592238, 0, 0.805763, 0, 1, 0, -0.805763, 0, -0.592238, 2.07162, 1.61347, -24.2187)
collision_mask = 2

[node name="CollisionShape3D" type="CollisionShape3D" parent="Gameplay/FinishArea3"]
transform = Transform3D(0.937677, 0, -0.347509, 0, 1, 0, 0.347509, 0, 0.937677, -0.133877, 0.643757, -0.588772)
shape = SubResource("BoxShape3D_lodq0")

[node name="ResetTimer" type="Timer" parent="Gameplay"]
wait_time = 2.0
one_shot = true

[node name="NoJumpArea" parent="Gameplay" instance=ExtResource("4_6hw7q")]
transform = Transform3D(2.01969, 0, 0, 0, 1, 0, 0, 0, 1.6183, 0.697714, 0.139272, 0.0978532)

[node name="Level" type="Node" parent="."]

[node name="Plateform1" parent="Level" instance=ExtResource("2_psw54")]
transform = Transform3D(0.644898, 0, 0.764269, 0, 1, 0, -0.764269, 0, 0.644898, 19.625, -0.4, -5.95457)

[node name="Plateform4" parent="Level" instance=ExtResource("2_psw54")]
transform = Transform3D(0.149746, 0, 0.610686, 0, 2.21064, 0, -0.177465, 0, 0.515303, 20.6736, 0.236645, -7.14691)

[node name="Plateform2" parent="Level" instance=ExtResource("2_psw54")]

[node name="Plateform3" parent="Level" instance=ExtResource("2_psw54")]
transform = Transform3D(-0.563987, 0, 0.825783, 0, 1, 0, -0.825783, 0, -0.563987, 20.2383, -0.4, -17.8003)

[node name="Plateform7" parent="Level" instance=ExtResource("2_psw54")]
transform = Transform3D(0.32329, 0, 0.946299, 0, 1, 0, -0.946299, 0, 0.32329, 18.4182, -0.4, -31.5449)

[node name="Plateform10" parent="Level" instance=ExtResource("2_psw54")]
transform = Transform3D(0.398085, 0, 0.208935, 0, 1, 0, -0.0850513, 0, 0.977929, 23.5973, -0.4, -39.353)

[node name="Plateform5" parent="Level" instance=ExtResource("2_psw54")]
transform = Transform3D(-0.156756, 0, 0.735302, 0, 1, 0, -0.22952, 0, -0.502191, 18.4748, 1.52, -20.4561)

[node name="Plateform6" parent="Level" instance=ExtResource("2_psw54")]
transform = Transform3D(-0.367909, 0, 0.764535, 0, 1.00145, 0, -0.538687, 0, -0.522156, 18.7285, 0.53, -20.0822)

[node name="Plateform8" parent="Level" instance=ExtResource("2_psw54")]
transform = Transform3D(0.0868845, 0, 0.877374, 0, 1.00145, 0, -0.257889, 0, 0.295593, 16.5197, 0.53, -25.7767)

[node name="Plateform9" parent="Level" instance=ExtResource("2_psw54")]
transform = Transform3D(0.0623277, 0, 0.496139, 0, 7.49777, 0, -0.185, 0, 0.167153, 18.5481, 0.850763, -31.7975)

[node name="Vending_Machine-012" parent="Level" instance=ExtResource("5_xwuro")]
transform = Transform3D(1, 0, 0, 0, 1, 0, 0, 0, 1, 1.15166, -0.318365, -0.787264)

[node name="Vending_Machine-022" parent="Level" instance=ExtResource("6_3qtkt")]
transform = Transform3D(1, 0, 0, 0, 1, 0, 0, 0, 1, 3.15166, -0.318365, -0.787264)

[node name="Level1" parent="Level" instance=ExtResource("7_iivdi")]
transform = Transform3D(0.306875, 0, 0.95175, 0, 1, 0, -0.95175, 0, 0.306875, 20.178, 2.33023, -36.4202)

[node name="CatPath" parent="Level/Level1" index="4"]
curve = SubResource("Curve3D_ggf7b")

[node name="PathFollow3D" parent="Level/Level1/CatPath" index="0"]
transform = Transform3D(-0.185423, -2.00052e-05, -0.982638, 2.72843e-12, 1, -2.03579e-05, 0.982638, -3.77498e-06, -0.185423, -0.24101, 0, 0.03355)

[node name="Level2" parent="Level" instance=ExtResource("7_iivdi")]
transform = Transform3D(0.978155, 0, 0.207877, 0, 1, 0, -0.207877, 0, 0.978155, 26.314, -0.404228, -39.902)

[node name="CatPath" parent="Level/Level2" index="4"]
transform = Transform3D(1, 0, 0, 0, 1, 0, 0, 0, 1, 5.60889e-07, 0.18393, 0.00995264)
curve = SubResource("Curve3D_17vec")

[node name="PathFollow3D" parent="Level/Level2/CatPath" index="0"]
transform = Transform3D(-0.040287, 0, -0.999162, 0, 1, 0, 0.999162, 0, -0.040287, -0.238739, -3.86685e-05, -0.017662)

[node name="Level3" parent="Level" instance=ExtResource("7_iivdi")]
transform = Transform3D(-0.902495, 0, 0.4307, 0, 1, 0, -0.4307, 0, -0.902495, 16.8176, 1.52, -22.3475)

[node name="CollisionShape3D" parent="Level/Level3/Plateform12" index="0"]
disabled = true

[node name="MeshInstance3D" parent="Level/Level3/Plateform12" index="1"]
visible = false

[node name="CatPath" parent="Level/Level3" index="4"]
curve = SubResource("Curve3D_o3ldb")

[node name="PathFollow3D" parent="Level/Level3/CatPath" index="0"]
transform = Transform3D(-0.637627, 0, -0.770326, 0, 1, 0, 0.770326, 0, -0.637627, -0.383113, 6.27041e-05, 0.0268269)

[node name="CollisionShape3D" parent="Level/Level3/CatPath/Area3D" index="0"]
transform = Transform3D(1, 0, -1.78814e-07, 0, 1, 0, 1.78814e-07, 0, 1, -0.0811777, 0.345398, -0.0698204)

[node name="Lights" type="Node" parent="."]

[node name="DirectionalLight3D1" type="DirectionalLight3D" parent="Lights"]
transform = Transform3D(0.773809, 0.161374, 0.612518, -0.597514, 0.506912, 0.621303, -0.21023, -0.846758, 0.488677, -3.82754, 2.79852, 3.57177)
shadow_enabled = true

[connection signal="body_entered" from="Gameplay/FinishArea1" to="." method="_on_finish_area_body_entered"]
[connection signal="body_entered" from="Gameplay/FinishArea2" to="." method="_on_finish_area_body_entered"]
[connection signal="body_entered" from="Gameplay/FinishArea3" to="." method="_on_finish_area_body_entered"]
[connection signal="timeout" from="Gameplay/ResetTimer" to="." method="_on_timer_timeout"]

[editable path="Level/Level1"]
[editable path="Level/Level1/CatPath"]
[editable path="Level/Level2"]
[editable path="Level/Level2/CatPath"]
[editable path="Level/Level3"]
[editable path="Level/Level3/Plateform12"]
[editable path="Level/Level3/CatPath"]
